-2681
7786
14638
-5718
-26709
-119
21232
17877
2029
-17028
-15018
12001
15956
21035
-14707
-17404
6613
18478
13268
-12661
-17777
-15784
18289
28174
-4288
-12792
-6088
-2378
10670
11042
-16340
-13833
5056
22523
21859
-3357
-12221
-14955
13738
17139
-9943
-16515
-20410
16274
14612
10779
-12501
-23825
-13456
17743
7596
-3693
-16455
2990
17526
14121
2358
-24366
-13982
7203
19603
5531
-7073
-29727
2654
23662
18392
-3919
-19353
-3304
17388
16526
-2340
-19944
-23005
6051
20337
9453
-4913
-20286
3863
23063
19693
-13651
-18288
-6027
7614
13510
6709
-18925
-11444
8047
15663
4033
-11111
-23999
4842
21637
8767
-9148
-26965
-21153
19975
14895
2029
-16659
-13728
1278
13731
5181
-21212
-24656
9128
18456
6315
-7757
-26597
-15865
12242
24021
 797
-14041
-21100
4646
17976
 -19
-22040
-12338
  70
14111
18856
-6066
-25738
 802
15656
27278
7054
-22351
-21870
7049
17553
2272
-10775
-8883
-3388
12861
12334
-3392
-24897
-14948
13118
17706
3008
-21802
-14789
4807
19111
17018
-17621
-26462
2910
12509
14083
-11391
-16284
-4074
12598
5376
 822
-8236
-7548
-2295
19115
3276
-20212
-25762
1790
15449
14207
-9782
-22485
-5202
18376
31203
-8414
-24449
-7428
5085
11040
9458
-4233
-13722
12134
21238
25419
-9608
-26668
-8810
21239
11191
3938
-21838
-10444
 684
20135
-4924
-16918
-15246
-1990
25776
9948
-21915
-27237
-958
13159
20461
5853
-31254
-17857
3136
13291
6373
-4433
-18349
7609
13795
13908
-12355
-15964
-9059
16837
22252
-486
-12598
 454
10754
19529
13162
-13514
-24973
3010
18079
12149
 411
-8052
-10741
14502
13104
4218
-32768
-7723
8858
21224
15023
-15564
-18936
